M1 : 1407.0128205212989
M10 : 1213.7205105214928
M11 : 1189.7076896377614
M12 : 1347.8589713154815
M13 : 1566.115381198081
M14 : 1265.2743569388772
M15 : 1370.102563558226
M16 : 2248.938462534646
M17 : 2407.671797369723
M18 : 1487.8076962253301
M19 : 2437.47436445903
M2 : 1821.869230872033
M20 : 1758.4641094675778
M21 : 1507.7102647841775
M22 : 2492.9794970958
M23 : 1154.482062605495
M24 : 1408.905141028423
M25 : 1118.5077065991254
M26 : 1215.9077080898364
M27 : 1329.607709581422
M28 : 1751.9000188772281
M29 : 1499.725661279356
M3 : 1931.8820514780684
M30 : 1568.869252512012
M31 : 1275.1564334671368
M32 : 1202.020537512024
M33 : 1208.369256946153
M34 : 1519.7820789621417
M35 : 1368.405157361449
M36 : 1770.3282357929625
M37 : 1115.7128526245158
M38 : 1288.6077259144931
M39 : 969.2846504578707
M4 : 2557.6564101653757
M5 : 1179.3487175043456
M6 : 1383.887178670707
M7 : 2437.95640907479
M8 : 1788.5179471530846
M9 : 2514.2692288493786

Average Key Convergence : 1591.8409704873573
