M1 : 5237.403278690907
M10 : 9130.591802506407
M11 : 3900.6655729586137
M12 : 4010.919671301736
M13 : 5372.567212351164
M14 : 5201.032786530695
M15 : 29239.270493342825
M16 : 6079.616394064809
M17 : 5312.324591204259
M18 : 43750.76065944133
M19 : 68248.99016946739
M2 : 7283.083606522009
M20 : 60615.870497407326
M22 : 11208.611479044579
M23 : 23724.900004746196
M24 : 33269.12131730074
M25 : 66095.85574479731
M26 : 9307.880333256438
M27 : 7060.8639401410455
M28 : 6344.660661806822
M29 : 2985.255744098559
M3 : 7470.418032752655
M30 : 2945.1704983048003
M31 : 1490.3114821865095
M32 : 822.9049248044951
M34 : 3058.1754182581503
M35 : 3531.3065659901367
M36 : 9376.81312413684
M37 : 6959.660664791391
M38 : 21579.670502324196
M39 : 14499.803289207657
M4 : 11157.019671962917
M40 : 16338.88033890535
M41 : 49452.76066867972
M42 : 47124.881979974554
M43 : 15572.1016516466
M44 : 0.001639480619561538
M45 : 4588.942635444026
M46 : 22838.88689823267
M47 : 2293.608209760419
M48 : 1642.8524719614952
M49 : 2912.421323303792
M5 : 9865.701639080315
M50 : 34624.06885866461
M51 : 6933.87214360428
M52 : 12529.021322637951
M53 : 32910.670497394305
M54 : 53358.395080684284
M55 : 30533.29508505825
M56 : 38092.67540942346
M57 : 33551.903277841266
M6 : 30523.2983600089
M60 : 14789.111474468647
M61 : 8448.42131051865
M63 : 2075.6803255981927
M64 : 938.5967179948243
M65 : 769.1229464599393
M67 : 611.1016358520748
M7 : 16797.257376486374
M8 : 17792.647540295453
M9 : 41631.71475355035

Average Key Convergence : 17144.48186407725
